0.00510204081632653
0.00510204081632653
0.00510204081632653
0.0
0.015306122448979591
0.0
0.00510204081632653
0.025510204081632654
0.0
0.00510204081632653
0.0
0.025510204081632654
0.00510204081632653
0.0
0.0
0.0
0.0
0.0
0.0
0.37244897959183676
0.00510204081632653
0.025510204081632654
0.01020408163265306
0.0663265306122449
0.025510204081632654
0.00510204081632653
0.01020408163265306
0.0
0.0
0.0
0.00510204081632653
0.01020408163265306
0.00510204081632653
0.0
0.00510204081632653
0.00510204081632653
0.01020408163265306
0.0
0.03571428571428571
0.0
0.0
0.015306122448979591
0.01020408163265306
0.0
0.12244897959183673
0.00510204081632653
0.0
0.015306122448979591
0.01020408163265306
0.0
0.015306122448979591
0.0
0.025510204081632654
0.0
0.01020408163265306
0.01020408163265306
0.0
0.015306122448979591
0.01020408163265306
0.00510204081632653
0.015306122448979591
0.015306122448979591
0.00510204081632653
