0.00510204081632653
0.00510204081632653
0.0
0.0
0.0
0.0
0.0
0.0663265306122449
0.015306122448979591
0.0
0.04591836734693878
0.05102040816326531
0.44387755102040816
0.03571428571428571
0.0
0.00510204081632653
0.0
0.015306122448979591
0.015306122448979591
0.0
0.0
0.015306122448979591
0.015306122448979591
0.0
0.015306122448979591
0.015306122448979591
0.061224489795918366
0.0
0.02040816326530612
0.0
0.0
0.00510204081632653
0.0
0.015306122448979591
0.015306122448979591
0.01020408163265306
0.0
0.00510204081632653
0.0
0.0
0.0
0.0
0.0
0.01020408163265306
0.0
0.04591836734693878
0.0
0.0
0.00510204081632653
0.0
0.015306122448979591
0.0
0.00510204081632653
0.0
0.0
0.0
0.0
0.0
0.00510204081632653
0.0
0.015306122448979591
0.0
0.0
