0.010526315789473684
0.010526315789473684
0.0
0.0
0.0
0.0
0.0
0.015789473684210527
0.021052631578947368
0.005263157894736842
0.0
0.0
0.0
0.0
0.0
0.010526315789473684
0.0
0.02631578947368421
0.0
0.0
0.04736842105263158
0.08421052631578947
0.0
0.0
0.005263157894736842
0.0
0.0
0.0
0.005263157894736842
0.0
0.005263157894736842
0.03684210526315789
0.06842105263157895
0.010526315789473684
0.0
0.042105263157894736
0.0
0.0
0.0
0.0
0.0
0.02631578947368421
0.0
0.005263157894736842
0.0
0.0
0.0
0.010526315789473684
0.0
0.0
0.0
0.005263157894736842
0.0
0.005263157894736842
0.0
0.0
0.0
0.0
0.0
0.45789473684210524
0.0
0.03684210526315789
0.04736842105263158
