0.011627906976744186
0.0
0.0
0.0
0.18604651162790697
0.0
0.011627906976744186
0.0
0.0
0.0
0.011627906976744186
0.046511627906976744
0.0
0.0
0.0
0.0
0.0
0.0
0.011627906976744186
0.011627906976744186
0.0
0.0
0.011627906976744186
0.0
0.0
0.0
0.0
0.011627906976744186
0.0
0.0
0.0
0.0
0.0
0.0
0.0
0.0
0.0
0.0
0.011627906976744186
0.0
0.0
0.0
0.0
0.011627906976744186
0.0
0.0
0.0
0.0
0.0
0.06976744186046512
0.0
0.0
0.023255813953488372
0.0
0.08139534883720931
0.0
0.0
0.46511627906976744
0.0
0.0
0.0
0.023255813953488372
0.0
