0.0
0.016129032258064516
0.010752688172043012
0.010752688172043012
0.0
0.0
0.010752688172043012
0.03763440860215054
0.021505376344086023
0.021505376344086023
0.005376344086021506
0.0
0.021505376344086023
0.010752688172043012
0.005376344086021506
0.005376344086021506
0.0
0.005376344086021506
0.005376344086021506
0.06989247311827956
0.010752688172043012
0.03225806451612903
0.010752688172043012
0.021505376344086023
0.005376344086021506
0.005376344086021506
0.016129032258064516
0.0
0.026881720430107527
0.021505376344086023
0.0
0.016129032258064516
0.0
0.0
0.016129032258064516
0.016129032258064516
0.0
0.0
0.0
0.0
0.010752688172043012
0.0
0.0
0.0
0.005376344086021506
0.0
0.0
0.0
0.0
0.0
0.4731182795698925
0.0
0.0
0.0
0.005376344086021506
0.005376344086021506
0.0
0.0
0.005376344086021506
0.021505376344086023
0.0
0.005376344086021506
0.010752688172043012
