0.003472222222222222
0.027777777777777776
0.010416666666666666
0.017361111111111112
0.003472222222222222
0.0
0.0
0.3784722222222222
0.010416666666666666
0.013888888888888888
0.006944444444444444
0.06597222222222222
0.05555555555555555
0.010416666666666666
0.0
0.0
0.0
0.010416666666666666
0.003472222222222222
0.013888888888888888
0.0
0.006944444444444444
0.0
0.003472222222222222
0.0
0.003472222222222222
0.052083333333333336
0.0
0.003472222222222222
0.003472222222222222
0.003472222222222222
0.0
0.006944444444444444
0.010416666666666666
0.013888888888888888
0.013888888888888888
0.006944444444444444
0.0
0.0
0.0
0.0
0.003472222222222222
0.003472222222222222
0.017361111111111112
0.013888888888888888
0.017361111111111112
0.0
0.0
0.020833333333333332
0.0
0.020833333333333332
0.0
0.034722222222222224
0.010416666666666666
0.003472222222222222
0.0
0.0
0.0
0.041666666666666664
0.006944444444444444
0.010416666666666666
0.013888888888888888
0.020833333333333332
