0.0
0.015463917525773196
0.020618556701030927
0.0
0.4381443298969072
0.005154639175257732
0.010309278350515464
0.010309278350515464
0.0
0.0
0.005154639175257732
0.030927835051546393
0.0
0.0
0.0
0.010309278350515464
0.0
0.0
0.0
0.005154639175257732
0.0
0.0
0.005154639175257732
0.015463917525773196
0.0
0.0
0.0
0.005154639175257732
0.0
0.010309278350515464
0.0
0.0
0.0
0.0
0.0
0.005154639175257732
0.0
0.0
0.0
0.0
0.0
0.0
0.005154639175257732
0.0
0.015463917525773196
0.0
0.0
0.0
0.0
0.061855670103092786
0.0
0.0
0.015463917525773196
0.0
0.06701030927835051
0.010309278350515464
0.0
0.08247422680412371
0.09278350515463918
0.0
0.041237113402061855
0.015463917525773196
0.0
