0.0
0.19318181818181818
0.0
0.0
0.0
0.0
0.0
0.011363636363636364
0.3977272727272727
0.022727272727272728
0.045454545454545456
0.0
0.0
0.07954545454545454
0.0
0.0
0.0
0.0
0.03409090909090909
0.0
0.0
0.011363636363636364
0.0
0.0
0.022727272727272728
0.011363636363636364
0.022727272727272728
0.0
0.0
0.022727272727272728
0.0
0.011363636363636364
0.0
0.0
0.011363636363636364
0.0
0.0
0.022727272727272728
0.0
0.0
0.0
0.0
0.0
0.0
0.0
0.03409090909090909
0.0
0.0
0.0
0.0
0.011363636363636364
0.011363636363636364
0.0
0.0
0.0
0.0
0.0
0.0
0.0
0.022727272727272728
0.0
0.0
0.0
