0.0048543689320388345
0.0
0.0
0.0048543689320388345
0.0
0.0
0.0048543689320388345
0.014563106796116505
0.0
0.0
0.009708737864077669
0.014563106796116505
0.0048543689320388345
0.0
0.0
0.0
0.0
0.0
0.0
0.009708737864077669
0.0
0.0048543689320388345
0.0
0.0
0.44660194174757284
0.0
0.0
0.22330097087378642
0.0
0.0
0.0
0.05825242718446602
0.02912621359223301
0.0048543689320388345
0.0
0.0048543689320388345
0.0
0.0048543689320388345
0.0048543689320388345
0.0
0.0048543689320388345
0.06310679611650485
0.0
0.0048543689320388345
0.03398058252427184
0.0
0.0
0.009708737864077669
0.0
0.0
0.0
0.0
0.0048543689320388345
0.009708737864077669
0.0
0.0
0.0048543689320388345
0.0048543689320388345
0.0
0.0048543689320388345
0.0048543689320388345
0.0
0.0
