0.0423728813559322
0.0
0.0
0.0
0.0
0.0
0.0
0.0
0.0
0.0
0.0
0.059322033898305086
0.0
0.00847457627118644
0.0
0.0
0.0
0.0
0.0
0.00847457627118644
0.0
0.00847457627118644
0.01694915254237288
0.0423728813559322
0.0423728813559322
0.0
0.00847457627118644
0.025423728813559324
0.0
0.0
0.0
0.00847457627118644
0.0
0.0
0.0
0.00847457627118644
0.0423728813559322
0.0
0.11864406779661017
0.0
0.00847457627118644
0.0
0.00847457627118644
0.0
0.09322033898305085
0.00847457627118644
0.0
0.0423728813559322
0.3559322033898305
0.0
0.0
0.0
0.00847457627118644
0.0
0.00847457627118644
0.0
0.0
0.00847457627118644
0.0
0.0
0.01694915254237288
0.0
0.0
