0.46296296296296297
0.0
0.0
0.0
0.0
0.0
0.0
0.0
0.018518518518518517
0.0
0.0
0.018518518518518517
0.0
0.0
0.018518518518518517
0.0
0.0
0.0
0.0
0.0
0.0
0.037037037037037035
0.0
0.0
0.0
0.0
0.05555555555555555
0.0
0.0
0.0
0.0
0.037037037037037035
0.05555555555555555
0.0
0.0
0.0
0.0
0.0
0.0
0.0
0.0
0.018518518518518517
0.0
0.018518518518518517
0.0
0.0
0.0
0.037037037037037035
0.09259259259259259
0.0
0.0
0.0
0.05555555555555555
0.0
0.0
0.0
0.0
0.0
0.0
0.018518518518518517
0.0
0.018518518518518517
0.037037037037037035
