0.0056179775280898875
0.0
0.0
0.0056179775280898875
0.011235955056179775
0.0
0.033707865168539325
0.0
0.0056179775280898875
0.0056179775280898875
0.0
0.011235955056179775
0.016853932584269662
0.016853932584269662
0.0
0.033707865168539325
0.0
0.011235955056179775
0.0
0.011235955056179775
0.03932584269662921
0.0
0.0056179775280898875
0.0056179775280898875
0.0
0.0
0.0
0.0
0.0
0.0
0.0
0.011235955056179775
0.011235955056179775
0.0056179775280898875
0.0
0.4157303370786517
0.0
0.0
0.0056179775280898875
0.0
0.0
0.011235955056179775
0.0
0.0
0.011235955056179775
0.011235955056179775
0.0
0.0
0.0
0.028089887640449437
0.028089887640449437
0.016853932584269662
0.0449438202247191
0.0
0.0056179775280898875
0.0
0.0
0.0056179775280898875
0.028089887640449437
0.09550561797752809
0.0
0.02247191011235955
0.02247191011235955
