0.0
0.007246376811594203
0.007246376811594203
0.34782608695652173
0.0
0.0
0.021739130434782608
0.007246376811594203
0.0
0.0
0.0
0.028985507246376812
0.0
0.021739130434782608
0.007246376811594203
0.014492753623188406
0.0
0.057971014492753624
0.014492753623188406
0.0
0.007246376811594203
0.043478260869565216
0.0
0.007246376811594203
0.028985507246376812
0.007246376811594203
0.014492753623188406
0.021739130434782608
0.050724637681159424
0.0
0.014492753623188406
0.028985507246376812
0.0
0.0
0.014492753623188406
0.014492753623188406
0.0
0.036231884057971016
0.007246376811594203
0.0
0.0
0.021739130434782608
0.0
0.0
0.0
0.007246376811594203
0.0
0.0
0.0
0.007246376811594203
0.0
0.0
0.007246376811594203
0.007246376811594203
0.014492753623188406
0.0
0.0
0.0
0.028985507246376812
0.021739130434782608
0.007246376811594203
0.007246376811594203
0.036231884057971016
