0.007692307692307693
0.0
0.007692307692307693
0.0
0.1076923076923077
0.023076923076923078
0.015384615384615385
0.0
0.0
0.0
0.0
0.06923076923076923
0.0
0.0
0.007692307692307693
0.015384615384615385
0.0
0.0
0.007692307692307693
0.0
0.007692307692307693
0.0
0.015384615384615385
0.0
0.015384615384615385
0.0
0.0
0.0
0.0
0.0
0.007692307692307693
0.0
0.0
0.0
0.0
0.007692307692307693
0.007692307692307693
0.0
0.0
0.0
0.0
0.0
0.007692307692307693
0.007692307692307693
0.0
0.0
0.0
0.0
0.007692307692307693
0.046153846153846156
0.0
0.007692307692307693
0.007692307692307693
0.0
0.43846153846153846
0.007692307692307693
0.0
0.015384615384615385
0.07692307692307693
0.0
0.015384615384615385
0.038461538461538464
0.0
