0.0
0.002617801047120419
0.002617801047120419
0.005235602094240838
0.013089005235602094
0.007853403141361256
0.01832460732984293
0.01832460732984293
0.002617801047120419
0.0
0.0
0.08115183246073299
0.0
0.0
0.002617801047120419
0.010471204188481676
0.0
0.002617801047120419
0.002617801047120419
0.002617801047120419
0.041884816753926704
0.002617801047120419
0.002617801047120419
0.002617801047120419
0.002617801047120419
0.0
0.002617801047120419
0.0
0.007853403141361256
0.041884816753926704
0.007853403141361256
0.002617801047120419
0.0
0.002617801047120419
0.002617801047120419
0.002617801047120419
0.002617801047120419
0.0
0.0
0.0
0.0
0.0
0.002617801047120419
0.0
0.005235602094240838
0.002617801047120419
0.0
0.0
0.0
0.02356020942408377
0.0
0.0
0.002617801047120419
0.0
0.020942408376963352
0.12041884816753927
0.0
0.0
0.42408376963350786
0.002617801047120419
0.034031413612565446
0.02617801047120419
0.03664921465968586
