0.0
0.007042253521126761
0.007042253521126761
0.0
0.035211267605633804
0.04225352112676056
0.007042253521126761
0.014084507042253521
0.007042253521126761
0.014084507042253521
0.007042253521126761
0.04225352112676056
0.056338028169014086
0.056338028169014086
0.007042253521126761
0.0
0.0
0.0
0.007042253521126761
0.0
0.0
0.007042253521126761
0.02112676056338028
0.0
0.0
0.0
0.028169014084507043
0.0
0.014084507042253521
0.0
0.0
0.0
0.0
0.014084507042253521
0.056338028169014086
0.007042253521126761
0.007042253521126761
0.0
0.0
0.0
0.0
0.0
0.0
0.014084507042253521
0.0
0.38028169014084506
0.0
0.02112676056338028
0.007042253521126761
0.007042253521126761
0.0
0.0
0.0
0.014084507042253521
0.028169014084507043
0.0
0.0
0.0
0.04225352112676056
0.0
0.0
0.007042253521126761
0.014084507042253521
