0.04
0.0
0.013333333333333334
0.006666666666666667
0.006666666666666667
0.0
0.013333333333333334
0.08666666666666667
0.0
0.006666666666666667
0.013333333333333334
0.09333333333333334
0.04666666666666667
0.013333333333333334
0.0
0.0
0.0
0.02666666666666667
0.02666666666666667
0.0
0.0
0.013333333333333334
0.013333333333333334
0.0
0.006666666666666667
0.006666666666666667
0.37333333333333335
0.0
0.0
0.0
0.0
0.0
0.0
0.0
0.006666666666666667
0.0
0.0
0.0
0.013333333333333334
0.0
0.0
0.006666666666666667
0.0
0.013333333333333334
0.006666666666666667
0.013333333333333334
0.0
0.006666666666666667
0.013333333333333334
0.0
0.0
0.0
0.013333333333333334
0.0
0.013333333333333334
0.0
0.0
0.0
0.006666666666666667
0.006666666666666667
0.006666666666666667
0.04
0.02666666666666667
