0.0
0.005555555555555556
0.3277777777777778
0.0
0.044444444444444446
0.011111111111111112
0.022222222222222223
0.0
0.005555555555555556
0.027777777777777776
0.011111111111111112
0.027777777777777776
0.005555555555555556
0.016666666666666666
0.005555555555555556
0.011111111111111112
0.0
0.0
0.0
0.022222222222222223
0.011111111111111112
0.005555555555555556
0.011111111111111112
0.005555555555555556
0.0
0.011111111111111112
0.011111111111111112
0.05
0.0
0.0
0.0
0.0
0.011111111111111112
0.005555555555555556
0.027777777777777776
0.005555555555555556
0.005555555555555556
0.0
0.005555555555555556
0.0
0.0
0.0
0.016666666666666666
0.0
0.005555555555555556
0.0
0.0
0.0
0.0
0.05555555555555555
0.027777777777777776
0.0
0.0
0.016666666666666666
0.011111111111111112
0.011111111111111112
0.0
0.03333333333333333
0.03888888888888889
0.027777777777777776
0.027777777777777776
0.011111111111111112
0.005555555555555556
