0.0
0.0
0.0
0.00847457627118644
0.0
0.0
0.0
0.0
0.00847457627118644
0.01694915254237288
0.01694915254237288
0.01694915254237288
0.00847457627118644
0.01694915254237288
0.0
0.0
0.0
0.0
0.4576271186440678
0.0
0.0
0.05084745762711865
0.0
0.0
0.0
0.0
0.0847457627118644
0.0
0.01694915254237288
0.0
0.0
0.01694915254237288
0.0
0.01694915254237288
0.0
0.00847457627118644
0.0
0.0
0.0
0.0
0.0
0.00847457627118644
0.03389830508474576
0.0
0.0
0.00847457627118644
0.0
0.00847457627118644
0.01694915254237288
0.00847457627118644
0.0
0.01694915254237288
0.01694915254237288
0.0
0.01694915254237288
0.0
0.0
0.0
0.00847457627118644
0.00847457627118644
0.0
0.059322033898305086
0.0423728813559322
