0.0
0.015151515151515152
0.0
0.0
0.0
0.0
0.0
0.06060606060606061
0.030303030303030304
0.0
0.030303030303030304
0.0
0.0
0.0
0.0
0.0
0.0
0.015151515151515152
0.0
0.0
0.0
0.015151515151515152
0.0
0.015151515151515152
0.015151515151515152
0.0
0.0
0.06060606060606061
0.0
0.0
0.015151515151515152
0.045454545454545456
0.0
0.0
0.0
0.0
0.0
0.015151515151515152
0.0
0.0
0.0
0.0
0.0
0.015151515151515152
0.0
0.0
0.0
0.0
0.0
0.0
0.0
0.045454545454545456
0.030303030303030304
0.4696969696969697
0.0
0.0
0.0
0.0
0.0
0.10606060606060606
0.0
0.0
0.0
