0.0
0.0
0.0
0.0
0.04878048780487805
0.0
0.0
0.012195121951219513
0.0
0.0
0.0
0.012195121951219513
0.0
0.036585365853658534
0.0
0.024390243902439025
0.0
0.0
0.0
0.0
0.0
0.0
0.024390243902439025
0.0
0.0
0.0
0.0
0.0
0.0
0.012195121951219513
0.0
0.0
0.0
0.0
0.012195121951219513
0.0
0.012195121951219513
0.0
0.0
0.0
0.0
0.0
0.0
0.0
0.0
0.0
0.0
0.0
0.0
0.13414634146341464
0.0
0.0
0.012195121951219513
0.0
0.012195121951219513
0.43902439024390244
0.0
0.024390243902439025
0.14634146341463414
0.0
0.012195121951219513
0.024390243902439025
0.0
