0.029411764705882353
0.0
0.0
0.0
0.0
0.0
0.0
0.0
0.0
0.0
0.0
0.04411764705882353
0.0
0.0
0.45588235294117646
0.0
0.0
0.11764705882352941
0.0
0.0
0.0
0.0
0.0
0.0
0.04411764705882353
0.0
0.0
0.04411764705882353
0.0
0.0
0.0
0.029411764705882353
0.029411764705882353
0.0
0.0
0.0
0.0
0.0
0.0
0.0
0.0
0.029411764705882353
0.0
0.0
0.029411764705882353
0.0
0.0
0.014705882352941176
0.0
0.0
0.014705882352941176
0.029411764705882353
0.0
0.014705882352941176
0.014705882352941176
0.0
0.0
0.014705882352941176
0.04411764705882353
0.0
0.0
0.0
0.0
