0.007575757575757576
0.0
0.007575757575757576
0.007575757575757576
0.12121212121212122
0.022727272727272728
0.015151515151515152
0.0
0.0
0.030303030303030304
0.022727272727272728
0.015151515151515152
0.0
0.0
0.015151515151515152
0.007575757575757576
0.0
0.0
0.015151515151515152
0.0
0.07575757575757576
0.007575757575757576
0.007575757575757576
0.015151515151515152
0.0
0.0
0.0
0.0
0.015151515151515152
0.007575757575757576
0.007575757575757576
0.007575757575757576
0.0
0.0
0.007575757575757576
0.0
0.0
0.0
0.0
0.0
0.0
0.0
0.0
0.007575757575757576
0.0
0.0
0.0
0.0
0.0
0.030303030303030304
0.0
0.0
0.015151515151515152
0.0
0.022727272727272728
0.007575757575757576
0.0
0.0
0.030303030303030304
0.0
0.4090909090909091
0.030303030303030304
0.007575757575757576
