0.0
0.0
0.0
0.0
0.0
0.0
0.01694915254237288
0.0
0.00847457627118644
0.0
0.0
0.00847457627118644
0.0
0.00847457627118644
0.0
0.0
0.0
0.0
0.0
0.11016949152542373
0.0
0.01694915254237288
0.0
0.0847457627118644
0.0423728813559322
0.0
0.00847457627118644
0.07627118644067797
0.00847457627118644
0.0
0.0
0.00847457627118644
0.0
0.0
0.0
0.0
0.059322033898305086
0.0
0.01694915254237288
0.0
0.025423728813559324
0.0
0.0
0.0
0.4491525423728814
0.0
0.0
0.0
0.0
0.0
0.0
0.0
0.03389830508474576
0.0
0.0
0.0
0.0
0.0
0.0
0.0
0.0
0.00847457627118644
0.00847457627118644
