0.0
0.0
0.0
0.030303030303030304
0.0
0.030303030303030304
0.06060606060606061
0.0
0.0
0.015151515151515152
0.0
0.0
0.0
0.015151515151515152
0.0
0.15151515151515152
0.0
0.015151515151515152
0.0
0.0
0.48484848484848486
0.0
0.0
0.0
0.0
0.0
0.0
0.0
0.0
0.045454545454545456
0.0
0.0
0.015151515151515152
0.0
0.0
0.0
0.0
0.0
0.0
0.0
0.0
0.0
0.0
0.0
0.0
0.0
0.0
0.0
0.0
0.0
0.0
0.0
0.015151515151515152
0.0
0.0
0.0
0.0
0.0
0.030303030303030304
0.030303030303030304
0.015151515151515152
0.015151515151515152
0.030303030303030304
