0.0
0.0
0.0
0.012195121951219513
0.0
0.006097560975609756
0.006097560975609756
0.018292682926829267
0.006097560975609756
0.006097560975609756
0.0
0.018292682926829267
0.054878048780487805
0.042682926829268296
0.0
0.0
0.0
0.006097560975609756
0.012195121951219513
0.006097560975609756
0.0
0.006097560975609756
0.006097560975609756
0.0
0.0
0.0
0.0
0.0
0.06707317073170732
0.0
0.0
0.006097560975609756
0.0
0.036585365853658534
0.45121951219512196
0.0
0.012195121951219513
0.012195121951219513
0.0
0.0
0.0
0.006097560975609756
0.0
0.0
0.0
0.018292682926829267
0.0
0.0
0.0
0.0
0.03048780487804878
0.0
0.0
0.0
0.0
0.0
0.0
0.0
0.0
0.0
0.006097560975609756
0.04878048780487805
0.0975609756097561
