0.03435114503816794
0.003816793893129771
0.0
0.0
0.022900763358778626
0.0
0.003816793893129771
0.015267175572519083
0.003816793893129771
0.0
0.003816793893129771
0.4122137404580153
0.003816793893129771
0.011450381679389313
0.007633587786259542
0.0
0.0
0.0
0.003816793893129771
0.007633587786259542
0.0
0.0
0.015267175572519083
0.0
0.0
0.0
0.05343511450381679
0.0
0.0
0.0
0.003816793893129771
0.0
0.003816793893129771
0.003816793893129771
0.003816793893129771
0.0
0.0
0.0
0.007633587786259542
0.0
0.0
0.0
0.011450381679389313
0.003816793893129771
0.0
0.0
0.0
0.003816793893129771
0.04198473282442748
0.14122137404580154
0.0
0.0
0.011450381679389313
0.0
0.019083969465648856
0.022900763358778626
0.0
0.007633587786259542
0.09541984732824428
0.0
0.0
0.011450381679389313
0.003816793893129771
