0.0
0.0196078431372549
0.00980392156862745
0.0
0.0
0.00980392156862745
0.0
0.0196078431372549
0.029411764705882353
0.0
0.0392156862745098
0.0
0.08823529411764706
0.4117647058823529
0.00980392156862745
0.0
0.0
0.00980392156862745
0.0
0.0
0.0
0.0
0.0
0.0
0.0
0.0
0.00980392156862745
0.00980392156862745
0.0
0.029411764705882353
0.0196078431372549
0.0
0.0
0.0
0.029411764705882353
0.0
0.0
0.0
0.0
0.0
0.0
0.0
0.0
0.00980392156862745
0.0
0.08823529411764706
0.0
0.0
0.0
0.0
0.0
0.0
0.0
0.00980392156862745
0.0
0.00980392156862745
0.0
0.0
0.0196078431372549
0.0
0.0
0.0196078431372549
0.09803921568627451
