0.005154639175257732
0.4329896907216495
0.0
0.0
0.030927835051546393
0.005154639175257732
0.0
0.020618556701030927
0.15463917525773196
0.005154639175257732
0.0
0.005154639175257732
0.015463917525773196
0.03608247422680412
0.0
0.0
0.0
0.0
0.005154639175257732
0.0
0.0
0.0
0.0
0.005154639175257732
0.030927835051546393
0.010309278350515464
0.0
0.010309278350515464
0.0
0.0
0.0
0.005154639175257732
0.010309278350515464
0.0
0.0
0.005154639175257732
0.0
0.0
0.010309278350515464
0.0
0.005154639175257732
0.0
0.0
0.030927835051546393
0.041237113402061855
0.02577319587628866
0.0
0.0
0.005154639175257732
0.010309278350515464
0.005154639175257732
0.0
0.0
0.005154639175257732
0.005154639175257732
0.0
0.005154639175257732
0.010309278350515464
0.005154639175257732
0.010309278350515464
0.0
0.010309278350515464
0.020618556701030927
