0.0
0.020833333333333332
0.004166666666666667
0.004166666666666667
0.0
0.008333333333333333
0.041666666666666664
0.0125
0.004166666666666667
0.0125
0.016666666666666666
0.004166666666666667
0.0125
0.004166666666666667
0.0
0.025
0.0
0.025
0.0
0.0125
0.05
0.025
0.004166666666666667
0.0
0.04583333333333333
0.0125
0.008333333333333333
0.0125
0.008333333333333333
0.004166666666666667
0.020833333333333332
0.05416666666666667
0.0375
0.016666666666666666
0.0
0.004166666666666667
0.0
0.008333333333333333
0.0
0.0
0.0
0.05
0.0
0.004166666666666667
0.004166666666666667
0.008333333333333333
0.0
0.008333333333333333
0.004166666666666667
0.008333333333333333
0.0125
0.008333333333333333
0.0125
0.0
0.0125
0.0
0.0
0.0
0.004166666666666667
0.020833333333333332
0.004166666666666667
0.025
0.2916666666666667
